    unsorted:	 0.06409580041 790.3432837 362.7979833 2.000000000
      sorted:	 0.06409580041 2.000000000 362.7979833 790.3432837
