    unsorted:	 189.5933728 175.0559018 199.6822776 145.6700922 283.9644822 269.4861890 323.6541261 327.5158804 362.2295364 61.61493059 30.60384322 19.59771445 8.328927621 4.250900162e-07 441.7767235 501.0753403 1419.056164 1544.232898 2027.013190 2168.649051 2263.856851 2515.810585 2923.970028 3299.643287 3931.176233 4340.693901 5051.681724 5475.405173 6623.846983 6416.950557 6363.236970 6732.444484 7619.792726 8891.700534 9747.955460 10542.14008 11246.54026 12203.23188 13492.76870 15258.90463 19374.05140 22444.92335 23244.92575 27605.08941 28895.80062 33098.41030 38167.59453 88170.58810 103313.5568
      sorted:	 4.250900162e-07 8.328927621 19.59771445 30.60384322 61.61493059 145.6700922 175.0559018 189.5933728 199.6822776 269.4861890 283.9644822 323.6541261 327.5158804 362.2295364 441.7767235 501.0753403 1419.056164 1544.232898 2027.013190 2168.649051 2263.856851 2515.810585 2923.970028 3299.643287 3931.176233 4340.693901 5051.681724 5475.405173 6363.236970 6416.950557 6623.846983 6732.444484 7619.792726 8891.700534 9747.955460 10542.14008 11246.54026 12203.23188 13492.76870 15258.90463 19374.05140 22444.92335 23244.92575 27605.08941 28895.80062 33098.41030 38167.59453 88170.58810 103313.5568
