    unsorted:	 2.000000000
      sorted:	 2.000000000
