    unsorted:	 1964.364744 351.4361474 38111.87468 2.000000000
      sorted:	 2.000000000 351.4361474 1964.364744 38111.87468
